0.306541581926337
0.651961944941093
0.317058993075591
0.356663280567492
0.383946764472789
0.700341745295972
0.294546826504531
0.29248122264945
0.3382478456638
0.359120982184616
0.223617648098173
0.308749274238373
0.740940949168265
0.34958790836978
0.376328310129319
0.337073073543805
0.346476540435869
0.250964645182198
0.539372484033166
0.252871729765258
0.675122838260455
0.503147520582496
0.285804627793795
0.385236871203414
0.570718215344254
0.355623268418828
0.450020898761362
0.264050942383511
0.373996477352408
0.362492116320514
0.398953859870184
0.37116437340094
0.275585317043543
0.641396997816926
0.336823767898252
0.369728553779367
0.282308564879672
0.257938820116853
0.386184565912922
0.305540603036047
0.311041064909193
0.414825537513199
0.282844582678236
0.310418250223861
0.286642182916
0.388408934178688
0.55604576968978
0.525333862213155
0.360472044558748
0.291572527737439
0.647170348593251
0.285437523440731
0.363674112364541
0.279088188903219
0.373679196693253
0.364105269732055
0.292462586940851
0.315456462126763
0.286238558654477
0.267178888777133
0.347459642983569
0.245276106691861
0.313925676205669
0.267259022823826
0.40910052688903
0.386094930744195
0.322068617852523
0.294078201804462
0.419039951077096
0.317974098750274
0.276208230699479
0.334830283080485
0.408769713207089
0.302170112162586
0.419690058954066
0.304383357538644
0.228083701443106
0.344567053045873
0.320645022465378
0.419836495985575
0.532959721341906
0.56261029418415
0.553469956362403
0.336941279423482
